price
653197.1
741506.06
492829.34
434025.34
1139043.5
429339.1
204031.75
341296.3
339433.47
529775.1
1242654.4
376493.7
1839790.2
468244.44
463972.97
1483669.5
552062.06
430039.22
518895.56
402519.66
520054.94
1322813.
536113.94
671880.6
334730.16
236299.23
629893.8
243162.12
531361.94
190569.69
751485.8
796628.4
435522.
190639.92
252170.08
226960.06
288490.88
597230.8
634705.6
697940.9
638907.06
431435.7
888995.9
214957.31
236525.95
577643.25
420053.25
814102.2
1070566.9
1840020.9
376745.78
844243.7
731389.
359947.1
525373.44
459563.28
621816.
568898.
297313.72
256257.14
226076.55
285313.94
379021.44
814275.25
306383.6
473060.88
821853.56
357272.53
860025.8
592128.
462512.88
501812.62
658998.56
858592.25
476303.78
1840020.1
345982.62
591749.
487001.84
1719703.
238456.64
419216.53
443820.2
903059.5
394606.12
490348.3
446960.53
329181.66
403701.66
255129.88
524724.3
276170.56
640030.9
404496.06
858090.1
597127.3
1080547.4
439507.97
676318.44
288835.12
469620.06
421210.84
309962.97
449995.2
277516.16
785468.9
636276.3
436534.66
520199.66
361319.47
632919.56
563991.56
285215.06
414049.25
245640.64
364077.84
290531.25
1130920.6
182686.78
290423.72
1078113.8
271213.34
377363.25
601174.06
327639.7
331588.44
648091.9
787519.9
766406.8
229159.72
682708.7
506518.6
417251.62
450118.56
436030.
627508.4
1205495.
286895.16
575957.56
748972.1
719717.44
316791.16
672709.56
561473.3
571379.
789212.3
1835389.6
338277.62
488772.7
1054931.4
1362041.6
1368133.5
329719.97
865478.44
575686.1
304023.25
190178.9
416364.97
209594.34
599302.56
706656.6
540268.2
591146.
573149.2
553258.8
374158.06
474217.3
618877.56
286796.28
542934.75
497313.38
539263.2
195769.
322350.88
447948.72
265112.9
352248.34
398400.4
408761.56
314165.12
571584.75
376014.72
440774.84
861833.
487471.75
420161.7
801419.2
403968.1
639855.56
527601.8
255588.36
674744.44
427707.25
259136.88
367373.5
194656.25
304320.75
1116486.9
213130.5
637488.
346432.4
478396.84
788012.9
1133726.6
895568.56
226078.56
703842.94
600733.1
253560.94
439160.47
303791.4
624103.9
285176.16
244657.92
738158.
306274.6
305281.75
670172.2
493218.06
621543.8
484676.72
865192.3
280704.3
281402.88
213496.69
1024669.3
392498.84
346780.22
1804998.1
599121.2
865567.5
454855.8
195263.17
527859.06
693330.5
1146542.5
271871.25
466522.4
515302.6
201069.9
368711.7
439543.44
1132761.4
318239.44
1041453.25
206783.8
640429.2
1840020.9
268303.56
253284.31
295914.78
393231.22
307146.47
326234.4
309053.94
349428.28
474636.4
1190409.4
320495.88
328116.12
316113.84
692372.1
679497.06
495584.03
1134803.
813479.06
333082.12
410515.7
452872.06
530822.
413570.62
585784.06
514913.56
510840.2
383682.88
484725.06
789880.25
439333.16
203337.12
512332.88
529111.9
376654.78
454001.25
471791.47
1172659.1
743818.56
246697.14
913944.
399690.53
669814.25
665775.2
271908.94
509702.25
815454.5
246387.97
619428.8
269662.72
537572.94
246960.27
742292.44
1839051.4
291681.1
836939.5
876226.3
448535.06
473454.8
438738.47
662614.8
223159.1
188875.23
782496.7
378176.22
487419.6
556249.6
528297.4
473566.97
564104.1
1739996.9
465638.38
580228.7
595917.8
538346.7
581232.44
472087.44
954107.
533164.8
491725.53
694969.06
1158817.5
336406.78
449864.12
809536.44
286035.12
424416.72
318008.75
284463.12
1302019.1
883109.
546494.25
422645.16
248008.44
870586.25
454782.25
373114.94
673529.06
429914.7
402927.44
612024.1
1294651.
218159.86
192077.25
703998.06
427969.12
577698.56
810820.8
199559.92
272888.56
682891.6
433697.78
518379.06
583644.2
790437.1
568285.
636428.25
864697.9
315862.4
230321.48
342489.06
578792.7
308912.06
661396.75
301311.3
509471.8
345347.38
203032.22
994519.
407975.25
471077.66
515077.06
1155436.
633192.
583126.9
258870.44
399003.06
442584.88
292730.6
635924.3
314439.34
290433.28
526495.4
727010.3
357751.22
459506.72
440782.22
586287.44
1649560.6
1649594.9
781681.94
438881.78
728155.8
203234.78
767660.8
518091.6
606848.2
320554.72
514435.3
358250.78
997226.7
1211944.4
290861.6
359424.38
640009.9
679185.8
1258975.4
376757.4
553066.
1507914.6
1033098.5
531279.6
688601.94
215142.03
269898.75
472333.
375644.6
251256.9
420767.38
1298860.1
469393.9
465730.7
392375.
232964.3
541743.
704877.94
383862.53
203733.28
264570.53
946155.75
196390.67
801991.4
540701.9
331304.72
531484.3
372931.53
325647.25
1651196.8
388316.72
615521.2
318909.72
545325.25
357594.22
270562.47
288161.75
288903.94
373182.75
1054708.5
506992.88
336203.72
356045.5
497888.2
544269.1
837928.6
338932.88
467945.5
411948.9
470382.62
614150.8
569957.6
451558.75
1840020.9
531227.5
613388.25
435413.62
416593.03
657983.7
367419.7
337607.12
1014089.56
934536.2
430927.56
1816374.8
289585.03
658673.25
733993.
1839843.2
683767.
383159.38
558002.2
415029.62
1074768.2
434207.7
453392.34
980316.
624284.06
644640.
691260.56
409172.53
1141125.9
372638.9
277054.47
297206.
811650.06
417162.66
625881.6
1154458.4
370036.03
549745.25
868775.9
554515.4
1161994.2
232676.53
587380.5
470299.7
253404.77
585356.75
330568.
1241319.6
663440.75
354414.4
582031.44
406514.47
755453.6
636287.2
251358.86
408995.8
357226.6
627557.6
350276.2
304116.78
493256.47
439095.25
639734.2
637326.1
294781.66
1225837.5
209727.98
617612.5
516850.62
432953.53
330537.75
952159.94
507248.7
618526.
353916.1
250793.84
1035103.94
617350.7
1031848.56
234134.34
560980.1
336795.06
1098202.5
1047472.6
858289.25
421076.2
386671.47
305946.84
340403.97
1108405.
217743.58
221321.11
239186.92
321767.62
642083.25
434004.
279449.34
1322503.
205185.03
474335.03
200333.38
1351663.8
248397.72
1320291.6
612968.06
832123.25
445013.94
942495.
903643.2
277444.72
308820.25
726078.3
354297.66
535269.9
1737521.2
677807.94
919952.4
602849.44
713646.94
574467.9
1796305.1
594391.3
293951.53
1189967.
461002.28
412281.25
376209.7
1494368.8
329966.28
645642.5
281644.94
394171.5
192004.25
258191.22
519910.5
1705956.4
254992.88
701904.06
432941.22
196019.58
570238.94
377808.03
800157.2
653179.25
1225763.4
364412.84
526523.4
388918.56
1801286.6
203743.52
649885.2
470840.5
351929.75
400910.88
442820.6
566218.25
407621.16
281727.
835006.3
554966.94
628120.8
319350.38
368916.4
522118.06
384338.72
389611.3
1149941.9
523885.78
284215.88
460090.8
550410.25
1400680.5
1258827.9
396781.72
481124.22
1594315.8
528882.25
955463.1
1739364.6
282415.16
294386.84
426884.7
670375.1
217314.48
416862.8
1011948.5
879113.9
257343.19
353448.72
469239.1
354936.78
349941.88
280653.8
272524.4
319639.7
1498832.2
542430.
446081.94
1436528.9
302011.47
677992.7
331765.5
616858.75
636080.2
187854.31
385423.38
374677.53
678975.8
319697.38
334067.03
286570.34
270055.06
448813.22
482860.12
375041.12
431594.
285272.7
552560.75
689237.1
1800636.8
469957.53
396075.28
901198.3
754737.44
444136.53
349818.34
328968.06
588794.3
824060.2
264563.28
835573.1
243548.86
529443.25
533013.5
356709.4
546901.
591718.6
211724.64
265702.06
301946.25
514944.47
505509.34
288759.88
296824.28
656577.6
1839763.8
404368.72
424515.9
517536.34
402878.62
244789.83
219931.38
565097.9
330379.66
683644.9
388485.
380433.7
926598.
742940.56
577686.8
413287.78
814957.75
411226.
281274.75
480188.25
375713.2
315424.03
626601.5
416771.88
346669.44
439804.4
636761.
516029.84
269788.16
462157.28
203867.34
201516.31
253915.61
428657.66
310660.47
353933.66
501735.06
492650.6
520599.38
619511.6
362844.4
200270.53
198019.89
569160.94
539486.94
483338.44
748429.75
345729.03
416397.44
195762.55
623180.06
657855.8
225304.95
227580.02
1406201.5
712002.9
322164.5
407757.94
480484.75
714600.2
1417614.
431077.97
844198.
330576.94
347418.75
676567.2
371624.38
1157095.4
426494.28
350542.12
963459.56
208676.7
549111.94
748892.1
703245.3
287847.06
458494.3
507948.
374607.
264605.25
339391.
506365.5
256836.36
315872.34
603185.06
336580.53
548103.9
547855.4
251601.61
431850.9
451264.53
459297.28
634835.06
267833.84
609927.06
478717.97
753638.56
474658.72
435280.53
388421.78
343583.
952504.7
733754.5
281788.38
800437.3
308288.53
530522.06
814894.44
479684.75
291971.56
277164.84
586710.1
565517.8
278367.
1268640.8
275377.38
642313.56
465935.16
293607.3
549139.7
349200.22
257539.36
1671890.8
612794.25
637963.1
567843.7
372234.94
338648.6
200796.08
649562.2
376550.12
569520.
1456571.5
456850.44
356796.3
1380668.5
644468.25
1750167.9
615787.4
273102.66
514064.7
420076.16
388496.78
365487.44
367644.3
260368.7
580894.75
644679.
428332.56
1344740.5
201399.89
903954.75
405923.38
441389.16
1614123.2
944999.44
569709.56
330404.75
213153.33
239328.5
319574.7
274513.66
421893.78
458314.88
395695.
260587.33
819709.44
649733.5
428828.22
830282.94
315724.56
836813.94
436968.1
559272.3
386929.72
502066.75
482801.1
242058.4
699847.75
203895.66
401098.38
1648763.6
435801.9
825944.9
919685.
502117.66
639111.2
799586.9
525744.7
357377.2
1006122.5
399184.6
284849.3
731029.7
921586.56
701575.06
868931.7
861780.3
376110.06
671572.75
629074.06
320634.25
394196.16
695241.75
511083.9
561112.4
336756.62
416358.66
337492.38
796975.94
414433.1
622774.1
610961.56
577196.8
333319.1
466559.7
452710.44
848430.1
355244.38
238157.05
445903.62
913154.56
689858.7
436010.7
425177.22
365884.3
327066.5
837081.4
327648.4
422209.78
379823.56
611235.5
937787.3
496072.03
804316.9
251524.66
753693.9
365381.6
400898.8
370680.22
317850.62
413912.4
468253.7
450262.84
1040683.1
634858.75
485707.12
433413.25
303436.78
263549.9
221835.97
591602.
225034.75
654401.3
457966.4
442302.
1840020.9
410446.1
378901.06
258167.2
682122.06
393277.53
689760.44
193735.4
312623.03
837438.8
410467.28
425843.6
350338.06
489135.4
397546.53
196437.1
644503.3
501654.03
240590.2
917098.06
1840020.9
963401.06
330527.47
377564.84
385979.22
350356.47
762834.44
318121.47
227502.88
662790.
458002.1
401108.84
1085241.2
360078.28
508235.88
413709.12
674158.2
659338.94
412898.75
619625.94
378761.2
412345.2
633269.4
384358.6
541220.9
429743.34
333304.6
363025.44
656123.94
686427.2
786830.1
510508.66
1101546.9
662993.3
1179167.5
1111057.
229286.78
483192.3
294363.47
612035.5
609052.2
362025.1
790410.6
326342.38
400785.16
422307.66
898746.44
666804.94
231306.8
187147.45
963034.2
596106.1
385659.03
946334.44
377858.94
754926.06
220410.92
705869.7
531473.94
370648.53
222015.2
1840020.6
548000.5
577259.2
413898.34
1658686.6
554604.56
554226.
306172.5
548656.44
649605.5
437935.6
398868.47
264613.1
289181.56
539758.2
615754.94
520323.8
503509.44
355754.94
299756.88
293316.75
316277.3
783863.7
792967.2
459759.38
438950.8
713305.8
618022.
450321.4
431110.03
1398424.
607230.2
860569.6
506390.78
208587.64
310777.3
676465.7
512435.2
640464.25
500757.78
370566.38
321526.47
210516.12
196192.2
1592864.6
295870.84
443451.03
318900.
457589.38
595466.06
576762.94
579297.8
723345.44
360084.72
247118.62
250226.94
602074.94
392938.2
917202.75
517041.
758982.9
526609.8
277222.22
254861.38
508303.44
320100.1
520046.2
489552.88
347245.5
197724.02
337764.78
525823.4
315816.3
398891.84
393970.1
745837.44
611128.1
444108.66
1554826.4
325548.56
472572.03
778800.9
405625.8
404443.16
356183.44
480669.78
313565.28
431884.1
469349.
732181.94
665550.44
1100586.4
270326.4
343555.06
1040283.5
435331.22
427560.38
1395032.5
334533.25
562043.8
820989.3
381107.66
356932.03
632345.5
1394351.9
571293.1
688306.
303182.34
615605.4
409973.4
372365.2
380562.22
361825.66
265752.5
255011.42
350208.66
1321697.4
383372.53
504002.12
1840005.5
580465.6
1142878.6
274918.4
216259.94
234892.92
366682.03
288167.88
265604.84
305398.5
719985.
283632.78
465230.84
352509.2
593542.9
391770.06
214090.34
435259.9
612792.5
405750.3
352256.34
574991.6
225162.22
728599.9
839438.75
592946.44
448874.62
242668.12
279253.9
308638.66
714260.8
410668.34
979494.7
380132.72
768308.3
479358.5
216947.75
289275.62
309623.06
1800219.9
779079.4
577783.75
519525.1
227271.12
300884.44
833753.3
727359.9
943039.2
463155.84
589462.56
486426.44
442764.03
260561.22
574420.8
257614.88
418975.3
1371494.8
481511.28
279838.7
891621.8
687257.06
417223.66
993150.2
498470.62
429762.5
427124.6
324741.9
388647.16
602740.
544367.9
502096.88
270443.
647207.7
324911.34
268377.62
349787.88
778780.44
871660.9
271821.12
260397.47
1723582.5
915039.1
758222.2
613416.4
414741.3
632079.8
704096.75
1165129.1
1805063.9
527955.3
341452.88
334425.12
1834904.9
279017.38
453358.5
409217.56
278169.66
369217.75
398867.5
652297.7
244024.69
793852.4
303219.3
394653.8
436616.44
570051.4
708949.6
380327.94
350002.66
637677.25
762372.9
371678.12
813044.25
697857.4
314574.72
592250.
401908.75
424023.25
841127.56
312311.5
313806.38
269269.16
204605.5
268462.66
869052.
818162.6
284186.03
549434.6
546753.44
405405.34
381308.6
368956.4
448222.25
521615.66
575264.94
385403.88
218891.3
566442.75
662396.44
427336.1
953567.56
1147114.9
416466.8
207878.39
455894.66
1321554.6
519830.25
430830.47
579650.56
323399.4
837057.5
405801.97
420088.84
277482.03
475658.56
425984.88
831016.6
461950.6
687587.2
1000454.9
1313130.2
273856.4
510006.5
464576.06
386857.75
566041.6
1038011.56
1840007.5
427256.62
894862.1
280176.06
317365.06
259777.7
360541.34
681761.4
284568.44
209464.73
607778.94
484529.72
251875.75
601904.94
444667.16
451928.4
271961.6
618051.8
594628.3
438160.
430424.7
195259.47
280053.5
575805.94
686083.1
376763.75
437878.84
599240.25
762193.4
448775.7
497270.53
195710.11
347774.4
287314.12
498757.3
626304.
423844.84
600690.44
635316.1
484873.47
334459.75
736923.56
580846.8
382228.34
333184.6
688584.06
274063.25
1749743.2
476465.94
341227.38
488307.16
394383.16
656491.06
325957.47
430796.5
581684.6
455840.06
361916.2
400820.03
257444.45
287269.53
611481.75
201078.64
441165.8
486380.88
281775.9
547221.7
423072.5
332909.25
338900.34
874230.
259708.81
413016.
1017309.3
413223.56
464365.72
336360.66
498566.84
387078.94
253658.75
632939.25
401442.62
550178.4
801486.75
488933.03
355438.75
384725.25
333891.25
213801.27
494752.3
500346.8
605971.3
471409.12
303224.94
502999.78
554176.56
338842.47
349290.5
331635.1
444016.84
333098.84
308220.25
451589.4
325429.06
230218.45
556564.
475706.38
321937.66
216276.78
411147.12
380246.06
460709.16
258404.02
1614975.
344806.4
889504.2
582666.56
1584834.4
290192.16
324310.94
1237151.1
578798.06
500972.25
305543.53
731067.9
373999.75
489257.72
204579.48
930739.6
213474.12
502764.72
1401684.8
414912.94
218558.34
626476.3
227305.72
332146.56
648301.75
527508.3
640466.2
1676543.
518764.
901581.6
441726.53
842769.3
505757.1
563891.
292958.16
840493.2
541417.6
299156.72
371029.62
450100.72
269558.56
335329.28
378675.03
537257.4
355330.9
372760.3
391254.28
550121.44
410166.2
753778.06
480986.84
688663.7
658209.06
458887.97
202632.84
294037.5
345910.78
384319.84
1187309.9
467282.47
963451.7
436169.5
454132.12
1839559.
1202060.
585369.06
560972.1
556925.6
418910.3
320879.16
448634.66
419862.78
1766255.9
648932.3
298157.12
260271.58
397228.62
453776.66
326534.03
1783221.4
970415.9
278732.75
590963.06
358335.3
454086.1
479805.66
380981.5
672049.06
348291.16
554036.25
464753.84
366918.12
364937.56
324661.25
267749.28
402418.66
477997.56
360485.16
235868.08
459466.22
448728.03
677428.3
378344.94
209106.69
768682.6
905488.25
447925.03
241183.06
397238.4
580206.6
621521.94
924115.4
378728.5
208627.84
373448.78
541463.25
222729.78
678241.44
307358.9
442919.97
957140.3
336086.6
326428.5
260428.05
578998.5
443824.7
461384.62
271069.78
252711.52
299649.2
314867.4
369114.47
667466.1
392920.2
353595.8
496634.
214886.02
324728.7
373720.16
743491.5
675158.06
302835.4
610126.06
699116.25
712796.75
364418.97
849951.
320660.5
391398.06
473099.03
273705.62
358965.56
225293.86
424052.62
674051.7
599548.2
226543.33
1797091.9
1388500.4
264846.94
1838761.1
377000.78
274257.53
876036.44
531423.44
436444.78
447559.38
552778.3
588635.9
547829.2
1004697.9
378545.97
374067.53
654480.9
456332.4
279724.9
440413.4
255969.89
500611.
385415.38
457139.88
864135.4
552060.94
272994.3
698140.2
365475.47
528942.75
323559.72
396939.4
581283.
1192623.8
444102.97
652980.75
938531.06
380139.6
572276.1
544365.
714171.1
570988.1
310092.47
1788053.1
856322.9
251654.89
1007498.06
512785.
776125.5
555524.7
805997.25
396389.72
360196.25
386207.56
723316.44
319550.12
601060.
301554.
335211.34
502067.28
237277.3
926891.75
440252.97
558172.56
1051467.4
360254.12
583326.75
761006.5
616836.4
707175.3
893462.44
338870.06
332044.97
352259.7
333557.2
614731.94
422004.4
311046.88
373442.88
411710.62
340090.84
261535.45
425975.9
558908.
354150.75
321759.6
237501.47
396942.6
823691.
237825.75
1058367.9
317906.75
763461.1
225657.05
659383.3
317727.7
281152.3
450875.72
576319.8
930486.75
1168067.6
393017.3
266810.3
509963.3
272197.5
315679.5
407111.66
431347.47
365197.6
733997.56
280981.25
547991.94
243580.77
513430.3
720314.3
1839725.
415760.06
1605694.8
491564.56
432887.38
906433.6
700659.2
524439.75
296139.25
321069.66
504123.5
277714.62
721591.6
400327.47
205425.62
503035.72
829656.
198218.16
360672.
1595151.9
378686.88
902726.8
844106.2
431969.97
289257.72
648723.
281478.22
801365.2
282807.62
400472.2
364528.34
567340.75
213960.61
517950.38
454960.88
430746.6
516827.8
190793.67
290174.6
534902.3
588609.9
493025.25
486410.7
239505.86
372062.12
200443.22
277871.84
697163.44
326569.16
973118.2
847574.56
262503.4
463876.03
329178.94
453776.03
393057.
269384.88
344695.22
600266.8
268978.94
249006.3
833948.
519163.72
328452.53
532451.1
197844.94
469650.5
557401.94
254741.78
329670.47
261241.03
500742.56
371338.53
657721.9
950023.2
439619.53
593945.25
713653.
1233254.
615358.1
289628.75
441608.72
591320.1
324784.
472650.4
392888.5
545897.4
598112.8
587231.56
530621.4
249383.8
557892.75
861077.6
574647.25
355369.16
314211.66
377142.12
735290.75
322347.1
591239.6
189327.88
248614.84
654513.4
1840013.5
191077.98
358461.16
408018.2
553447.7
298665.1
244494.5
495545.8
1701275.2
857104.9
423328.66
626586.56
1375676.4
460995.06
192820.86
429905.12
1402389.
353205.6
622106.75
531161.06
452817.97
825945.25
900802.
648500.06
464295.2
291775.56
424981.78
437161.62
654625.3
312489.8
269949.2
276261.56
369196.9
580095.9
200302.73
301247.97
1804840.5
1820293.1
243650.92
582307.4
320886.06
729328.06
585783.1
367665.25
480952.7
222703.78
489016.22
509510.9
268717.5
470988.8
303096.2
447822.5
277012.25
676092.8
898180.6
1157771.2
401893.66
468439.12
786822.9
287387.38
496160.12
303932.75
519166.75
389670.9
484505.16
646769.44
239161.45
1515519.8
691908.94
1173217.6
545561.94
274226.7
1239899.9
346562.62
354430.94
371750.94
278069.16
369223.16
430068.78
1115109.6
418452.
585227.75
501772.
471986.66
892469.2
339910.06
307597.84
571116.4
425277.16
1560818.5
775983.44
571514.25
735042.
648165.94
261404.2
282954.97
494696.44
803060.4
402729.22
506207.
267352.2
704026.44
290150.9
410585.8
193138.34
1840002.5
757211.06
439404.62
251628.58
195154.45
864030.4
413811.88
897773.6
241077.64
564483.94
340793.62
536012.25
408320.12
1405233.
345048.12
756032.5
1295955.
467353.12
345491.03
619753.94
269299.4
300977.56
907380.75
468933.38
405806.38
437136.53
475310.84
871778.75
279205.4
665688.6
682566.
479094.94
273161.1
290756.7
384096.62
370391.12
481272.38
521000.8
445695.03
478901.56
605071.6
870547.3
356358.47
422728.72
586873.3
380890.47
387925.3
610790.4
347329.25
345732.44
375205.22
497269.66
257885.06
319787.94
433875.03
347241.06
502070.28
744847.8
425939.12
323133.6
523435.47
1082829.5
475979.4
705877.8
586017.94
468212.56
763329.3
345049.3
360801.6
329652.22
549997.2
643009.8
510447.47
235251.02
414402.16
505291.1
380869.97
465876.3
1802199.1
656059.7
604827.5
285061.97
377769.6
309365.22
719348.56
694434.25
1482290.8
401742.56
632382.44
587867.94
1098152.9
655350.5
534853.44
549627.3
281130.22
674035.94
663551.75
644815.6
195521.61
525238.7
311879.28
441073.9
397831.94
543632.56
399529.1
673669.8
288963.34
488136.62
484812.22
638305.2
334419.38
461145.1
614729.25
486717.44
415735.7
438429.34
454535.8
977768.7
481854.6
377955.62
1840020.8
596074.06
597435.94
282740.25
1253486.2
870276.1
599105.9
335101.28
354737.84
376421.72
516263.72
592244.9
444279.62
904978.6
272749.25
892253.9
364597.03
830789.2
344505.94
711451.9
391380.16
437032.34
1837655.2
875083.56
373109.7
642248.3
663413.9
647255.8
244647.58
278583.34
327255.5
545845.5
774588.5
430306.66
265300.12
354927.56
877669.44
565387.1
366212.9
1824646.6
420178.9
1609316.8
1066022.1
744098.2
348535.44
224007.52
338286.1
200085.98
891778.94
344509.72
760168.7
428841.3
632962.06
599103.
459440.66
477110.56
450342.12
350822.78
568058.4
423850.72
418528.6
1838925.9
362141.94
707221.8
257172.97
277950.6
493735.84
1539698.1
579973.75
394644.22
536763.
603618.75
523231.53
516657.4
965748.7
561259.75
1208361.5
516349.94
358685.6
701697.8
566949.3
564356.8
406237.06
524904.44
670388.06
545363.75
431636.25
536062.3
523040.34
1123067.1
370722.34
732803.06
222020.88
336259.7
588357.2
723926.3
829493.3
212546.8
578608.1
283124.47
283702.9
553996.06
320219.47
704795.7
659284.9
370195.06
454649.75
293302.4
609724.3
454419.8
602622.25
414427.8
675301.06
548447.44
821765.3
210197.38
1066013.5
614333.25
1783991.1
406155.34
683914.9
300862.38
561377.06
702455.3
432196.84
292041.62
265405.97
261266.88
490992.56
353882.22
282314.06
466190.22
649122.1
391925.25
618575.8
365482.97
192160.16
1835744.8
254022.3
551756.25
329818.25
557516.2
649437.94
265719.6
575931.8
265114.56
1155853.9
1454418.1
284428.22
570399.2
699200.2
1209174.6
218159.86
392774.53
828224.75
611264.06
591585.06
416987.6
329612.6
476277.8
521823.4
304699.66
528361.6
642700.7
965985.1
653264.44
456444.94
321238.75
1257321.1
434101.84
536337.44
1390077.5
629096.7
505449.8
1160635.1
339210.44
206349.34
316881.28
231378.52
231346.8
446241.72
596428.44
458890.88
605311.9
494268.1
312585.97
191977.56
244847.34
197149.58
631749.75
735937.1
826684.75
182791.86
647961.8
282606.8
532439.56
213827.34
434782.7
1839514.
712970.06
361466.25
777804.
389031.28
305612.38
298126.88
591148.06
604710.2
341555.25
795129.4
372564.72
722015.56
755669.
333648.53
270826.8
207454.92
298437.1
331743.4
469057.38
321582.12
321983.22
795101.5
803520.9
805329.5
999992.6
474743.75
751492.94
412251.06
679245.9
619861.56
383174.47
693846.3
470874.47
414388.03
408772.28
452357.66
325019.72
366242.38
616654.2
200620.
306182.62
1839841.1
323734.53
200704.31
654520.25
619525.6
809042.94
292445.75
482292.4
201032.56
242237.4
479108.53
318707.88
540558.2
326081.88
262030.27
666801.94
831527.2
297158.5
1067207.2
292940.88
321057.03
353257.78
551253.75
355136.56
953219.94
377639.7
719383.56
490923.7
322139.7
653885.94
489939.44
259573.11
378074.6
505199.28
251093.3
1039150.06
1067894.9
881534.44
291454.44
330712.97
892464.4
806290.06
1064814.8
248581.64
395725.8
370662.62
449808.25
283837.
370567.
217433.19
963717.4
244277.75
1303491.5
626008.56
235298.86
495765.8
1231214.5
421381.47
262397.84
572112.7
290047.3
443629.7
687055.06
291519.66
835780.
523663.2
460301.12
938976.94
299627.06
365387.8
517600.66
592717.44
544291.06
283229.66
326541.75
604763.6
287899.12
771799.44
507896.12
665253.44
1184232.1
493819.78
308144.2
402583.94
282280.78
860296.56
762548.44
270235.44
764413.44
429761.25
496719.88
658216.7
365839.2
766277.4
1762877.9
247354.08
597717.94
645471.75
445732.34
260755.98
225245.86
684533.
488380.78
329615.88
533059.4
621883.5
1083538.1
394146.28
1083133.6
342708.66
550475.9
323789.78
404414.53
253626.19
628775.6
411898.44
768716.4
821640.6
467477.44
1288831.2
1788336.2
549180.56
249421.73
482952.
650278.56
670319.7
466819.94
363411.72
374663.84
368227.9
309635.7
232764.3
357350.4
416437.8
462390.97
510951.3
283101.44
689003.25
751873.1
515631.22
351035.53
288515.62
350667.12
810340.56
410641.9
281349.2
491093.12
766917.6
341851.2
407347.5
225628.52
1824440.1
369554.97
441689.94
237054.94
314968.8
283200.12
266140.94
553744.
511018.12
513008.2
424805.75
493861.78
534880.94
304138.22
618384.3
341709.72
702943.8
614385.4
660452.75
532968.75
601464.56
969213.56
414119.6
223655.6
394609.22
438336.56
394142.
403284.84
616160.1
646865.
547429.2
549874.7
619940.7
415555.25
598084.06
287406.5
539664.25
254923.14
453006.
446032.
684904.8
1323612.4
702146.25
476500.28
383951.28
373549.75
341060.34
247310.56
1066809.6
615127.94
734927.1
618220.3
874646.2
767206.1
390567.16
276683.38
690823.44
468484.12
504150.66
1837344.1
431257.1
347067.25
274928.4
259648.19
565944.06
332630.84
350333.16
632976.56
584141.6
262411.9
473725.1
550172.3
331293.6
819025.9
353861.97
526836.1
269457.5
198400.73
383789.5
324769.56
290095.03
1838290.4
469345.88
283093.47
779083.75
609534.2
346517.28
436472.38
1311247.5
421099.97
476531.84
462194.25
327013.66
508138.84
358087.66
398618.47
469311.5
326941.72
696936.2
510188.44
539418.75
520349.94
335634.75
907662.8
659701.44
664886.7
376003.66
662400.5
665108.1
856398.
817778.25
334630.5
338377.44
432144.84
517274.25
444194.56
408022.34
644061.2
198915.2
421041.06
254994.56
609473.56
455539.78
1045007.1
455208.
633732.56
502425.47
591708.
497328.62
636106.1
671832.7
386455.72
726542.6
661430.94
364685.5
468118.97
399649.25
341765.66
484974.
477315.7
197605.64
1824973.1
1837473.8
339004.75
337012.88
379519.8
223181.83
702589.75
524024.78
446366.8
509221.84
372807.66
879392.44
1800187.6
363197.22
607401.3
309361.34
265313.66
425734.78
532896.94
297979.47
550392.4
390222.44
1751098.1
431541.53
390040.22
384147.25
370638.4
582472.75
789714.06
379420.16
320280.53
514327.44
872323.56
329279.6
955793.7
633406.6
210255.81
532959.06
304355.94
273086.6
645170.06
348756.03
544773.94
467890.25
436432.4
783042.9
465205.53
247301.67
442615.72
431118.56
566757.1
1032784.25
765200.6
599252.94
282591.1
578869.6
669352.8
394394.25
305612.38
485743.75
672685.2
1837428.1
447846.06
632201.5
581800.25
338683.62
477879.4
439276.88
526620.25
341409.47
187397.94
392813.2
477947.06
601914.94
450275.78
374061.
409182.03
488884.06
217886.23
339641.44
580409.7
412555.03
757919.9
312997.62
210815.95
554620.3
296036.88
1075225.1
736161.9
1839420.2
310343.94
291875.62
616902.94
1739894.1
633434.3
391172.5
330696.78
302544.75
599559.75
433778.62
261378.8
378227.97
714168.2
377876.97
321333.97
434264.
384856.34
614631.75
754239.2
400188.53
585270.6
935408.9
370016.94
349916.
348143.94
260464.23
301307.6
658515.8
463828.
246913.9
403303.72
1807930.4
359518.88
590610.8
414418.28
758805.6
587693.94
483511.4
259959.6
354127.25
393985.94
339246.56
528839.1
277964.7
917855.1
416565.6
1839629.4
819036.3
387482.22
196288.56
409708.3
342485.06
495936.97
637461.6
445842.88
515711.28
638355.9
201443.44
604547.4
466009.2
710346.3
437474.22
443231.8
701765.6
873554.44
305116.8
1755761.1
248095.19
264449.9
428489.97
202783.97
478446.9
597203.9
483981.88
357283.
335898.56
443735.22
549505.3
834196.56
340516.22
323539.72
597717.4
527904.4
204950.81
540892.3
713769.75
299936.9
382881.5
544479.25
558762.06
309874.8
527768.8
275284.4
418007.1
1137602.9
385688.88
445565.56
702440.06
379054.12
224645.53
563196.44
523663.2
596666.25
604993.5
415575.25
1040189.56
763701.8
992844.56
211408.16
383511.1
341737.78
191986.8
269152.84
1426455.5
394771.06
329669.25
1392184.5
300779.25
1727152.6
203323.03
749918.8
656970.2
763164.5
638564.5
352320.75
235505.98
348851.16
350878.84
507493.38
277572.6
339419.94
1196594.4
537353.2
335813.2
417037.6
306428.84
271413.75
1026918.1
1105953.1
618066.75
293700.1
1308686.5
714180.25
529676.8
672231.6
832230.75
551493.75
263646.22
602599.3
198043.36
583751.6
202550.39
282815.16
759353.4
1778740.8
486502.5
500638.53
802548.1
572813.06
673576.2
580972.75
779277.44
431706.56
365606.1
308746.
744651.06
465831.06
1217182.5
568181.44
580987.9
516335.53
410891.56
446167.8
373338.1
976401.6
572297.56
319496.06
305685.78
392229.1
396168.4
643628.2
384571.12
482689.25
711153.44
521635.62
863341.75
739722.6
388176.06
272134.9
441875.47
1839925.9
402437.47
442231.88
689762.2
340154.22
445078.4
423108.4
381971.4
524180.1
253861.05
352703.97
351159.16
816743.25
565448.8
201590.98
924257.1
395162.75
315178.1
961736.7
341616.53
473483.97
540126.06
353002.3
270982.78
528115.4
335143.47
392764.53
261156.34
520890.22
504509.12
865876.1
473059.06
979660.
853874.6
413964.47
393762.5
542002.3
396395.47
442755.88
669477.
264767.2
904564.7
967125.5
338540.62
374345.6
291194.78
387660.25
454132.72
352734.75
1094295.1
676194.6
429755.03
630072.75
835205.3
245601.78
629495.3
489106.38
828554.06
998569.4
782045.44
625687.1
579769.
263032.3
772536.56
813346.06
304581.9
199674.4
434649.72
1068477.4
419573.5
221111.19
368309.3
574780.25
1812941.1
391645.03
233320.42
1045439.4
255172.28
448697.8
373449.47
407398.06
196356.42
275952.8
484318.38
276666.
654922.1
372560.3
500943.22
267062.4
740218.06
211277.44
874203.06
1011285.56
1817801.4
648647.7
541183.2
278316.25
620107.56
815440.4
432158.7
370799.25
330134.72
476922.6
471097.6
609870.9
330995.78
220219.17
626021.1
532413.9
552026.1
308407.9
1015876.5
487253.62
1238895.8
190165.95
1838393.8
520005.84
894141.75
578317.56
542192.25
234664.77
335000.88
334113.28
366327.38
421693.44
448802.5
1686251.4
1065870.6
669517.8
497863.84
270931.62
558794.06
592920.
379741.38
464333.06
467716.3
191773.84
592227.
594563.94
426940.72
463514.16
1254586.6
583678.6
263898.78
651144.94
597800.06
743694.4
666508.6
357251.84
465068.03
506674.3
276429.9
327429.9
855013.7
266005.94
271696.25
802255.5
325373.66
476321.38
509563.6
483015.16
407529.94
519595.66
658538.4
325033.94
760747.3
548657.75
1489504.
295654.78
673610.44
708064.75
500045.62
353655.62
1840016.2
367253.72
613405.25
626905.6
540264.7
317790.97
310846.66
428221.62
1220241.8
681270.2
840298.5
1826222.5
926973.3
679156.8
222087.33
299621.38
286510.78
246839.55
525216.44
711921.44
189185.9
738138.25
231188.42
796331.3
320999.38
381651.44
705555.8
223461.72
458210.25
729686.06
1150156.2
277508.25
307255.5
316932.88
283036.6
337015.8
438823.4
264715.6
757652.8
653279.25
502990.5
509437.88
598148.6
364393.4
346873.12
348518.47
544575.2
666906.25
1518497.2
451761.28
955114.06
775388.4
285933.
539800.3
409759.5
289814.3
352385.03
1666401.4
213272.81
432593.4
584425.44
483940.94
331246.56
1173077.2
845439.3
694596.06
461823.94
741089.1
492069.66
426513.88
452250.03
555710.
201664.64
426504.
824285.8
264183.38
365865.75
1826096.5
971849.4
696000.3
497455.3
588136.56
988479.4
594166.44
283832.6
767119.44
290682.6
1513639.1
464092.84
189986.75
281683.62
448540.62
531270.2
555817.56
806032.25
849178.9
189610.8
311917.78
754924.75
272374.22
677045.6
337352.4
1496453.8
200206.72
682847.8
567305.9
504703.53
274590.94
335636.88
414129.78
290886.78
255205.31
1408940.5
634336.6
582521.8
463893.25
568499.1
253916.84
510022.28
625968.25
821377.94
551739.25
1785079.6
684133.44
678015.
408892.1
453854.78
262893.9
410530.2
394731.22
907233.3
692564.
770324.3
1836482.6
389672.97
457463.
463503.
409790.94
466589.03
270933.3
542623.25
480018.72
326528.4
689419.44
514157.62
851049.75
1505663.1
884504.75
1840020.9
351703.22
358288.22
349525.47
278846.38
241588.42
293335.47
201696.62
893319.3
511666.16
744549.8
677501.25
215810.31
203847.5
364819.12
270372.22
452430.8
394368.16
315097.38
282854.1
743241.94
397189.72
839041.56
356300.62
213891.1
546829.8
282916.66
613482.5
483721.8
717344.25
362656.53
386434.97
1035624.6
282474.8
182596.89
436273.28
1837942.1
262249.16
661520.06
664926.1
226383.89
268626.44
638279.7
686759.94
541998.94
269157.75
344261.16
229489.44
733736.6
252572.34
253301.83
426558.3
971686.75
387453.22
512852.25
198323.33
448277.12
510252.1
666449.3
572853.6
775252.9
215715.66
440702.62
548126.1
535104.25
923487.
445498.62
342853.9
597082.3
856300.8
445002.78
340785.56
606335.4
434391.47
754078.7
782393.4
1811880.5
737345.9
656001.4
424986.34
775394.75
380883.1
251948.98
278814.7
625421.5
363388.03
357959.1
256463.33
189011.47
595940.7
482642.72
391685.28
512504.4
594244.25
433278.62
360726.16
699993.6
575188.1
654745.4
561458.1
634161.75
301905.44
530379.9
879276.6
264520.12
247118.62
419494.
395814.94
383779.16
367109.03
384402.88
384791.97
351878.3
579673.8
311147.4
222230.53
535661.6
328942.53
677732.75
380668.75
397308.66
486204.6
337602.47
692597.7
384205.8
263528.53
290699.03
294827.03
206050.36
245034.66
616468.25
579840.44
401470.03
480698.3
542866.56
871913.94
790064.8
471274.34
264314.9
370110.3
462921.38
366446.03
322284.25
342035.9
959613.7
607349.44
869390.75
265720.66
463512.5
355456.75
288587.97
549469.1
490123.28
429385.78
1023046.5
919287.94
467624.06
354294.9
370205.47
314133.2
1210359.4
362435.3
748454.5
1714310.9
621417.94
530280.44
504370.7
401090.1
550251.8
405754.4
373576.4
363125.2
372932.56
483212.78
323451.9
267641.88
377915.78
516648.4
433396.8
449399.6
471363.9
551067.7
219756.38
791096.75
547617.2
624594.44
878600.2
685044.7
266707.53
224104.03
293296.9
196366.61
564881.94
530195.2
442101.16
236995.94
227048.16
374739.25
206033.69
681501.7
264703.88
849117.4
1220679.2
339139.72
684510.6
259448.89
530857.2
512185.97
621336.3
302802.6
383259.4
486445.9
474958.5
528168.9
736794.44
338537.28
607852.94
499485.78
515991.28
259300.95
858442.25
254646.75
670507.
329397.94
478784.2
576072.06
671151.06
328851.66
455786.75
755042.1
409692.9
561787.7
277498.22
463953.44
328042.
252544.98
486237.75
608330.25
524277.3
439663.8
1830816.4
768859.2
367636.34
621910.1
588747.56
323916.78
312008.75
491177.06
486572.72
1780925.1
368996.75
754291.6
247984.52
479824.53
480167.28
363205.06
542511.8
364389.28
855765.1
641511.2
313160.62
287932.66
573892.25
682488.3
263708.56
816801.4
257118.05
293695.38
337005.66
404324.4
475882.2
376003.2
525948.5
260229.17
523285.34
566742.5
369466.6
860031.8
355805.22
611313.4
519355.75
714116.7
360371.25
725390.06
691651.1
261660.98
391255.22
565769.9
1484500.2
484460.16
549107.56
309563.9
487426.12
376883.78
373897.28
574652.5
390732.84
484089.16
412992.22
668075.5
211707.95
595324.56
753855.25
1840020.9
231716.42
422415.8
436803.03
365455.8
206375.6
347994.94
300923.06
240098.4
787335.
229721.81
264654.66
600478.3
385191.7
388188.03
1001401.1
450799.84
1067885.1
287051.66
326690.3
556313.25
756820.6
257852.38
761668.44
414928.34
447772.12
358449.47
618627.3
571627.25
331652.78
582573.6
498185.75
537836.1
492849.9
372761.03
350646.94
355247.5
185534.75
1086742.8
834165.
225564.
740319.1
393650.8
953439.44
408175.34
1738750.9
590212.25
833292.3
1212063.5
236319.16
191255.06
200538.5
397821.7
265797.2
221412.75
500492.7
527648.1
351657.78
319110.5
436215.8
845237.75
499198.12
446470.1
210262.67
733777.4
811173.75
566961.4
615053.75
364129.78
201510.48
641118.8
903015.25
856524.
1254047.5
946341.9
201575.58
249446.14
481063.78
755686.6
208158.39
808954.4
331466.22
263129.12
586743.25
257459.06
456116.4
321041.47
591751.94
347022.34
590351.94
518573.8
831463.3
297861.84
899933.25
483079.2
643446.2
590210.44
549870.56
585201.44
721026.1
441269.7
643259.25
795939.06
857111.3
606612.4
411303.34
451561.1
500453.25
363763.3
493723.97
989963.4
333861.38
734152.25
473407.62
329887.84
568023.7
196114.72
405709.8
1077570.6
625685.25
282626.9
518909.25
964616.94
289604.1
1362539.5
407915.3
378410.66
262965.1
490008.06
341795.8
654012.94
442053.06
285124.88
1787266.5
796259.8
436920.2
556863.25
653810.25
1124021.6
428002.22
829888.4
403452.53
487442.66
570619.6
474754.47
1274220.2
549121.3
312124.75
450432.
1028467.7
499432.78
773877.5
550380.5
379198.75
636028.1
434796.28
279668.56
637593.56
484746.34
733925.06
419369.44
728781.3
720128.56
521880.84
1052176.8
1033472.9
1156187.2
913768.1
347289.28
1227731.6
432160.94
307160.7
424957.34
219655.9
421600.66
544115.75
666013.44
420091.06
900109.56
1827567.5
475868.5
790279.06
685393.06
455613.47
333082.34
278420.5
1293745.2
686361.5
292327.3
373260.3
299742.3
478474.78
799757.1
614239.5
1330404.6
483976.88
277937.06
880300.7
732742.75
300853.75
476517.47
370788.3
289739.16
489006.53
561614.94
264366.9
1473835.1
206455.39
766318.94
306423.34
348973.3
312611.28
211219.1
534120.2
723188.5
284690.97
712636.94
349986.16
354809.16
710705.
486350.22
423149.53
842866.5
418792.72
541477.
1299347.6
1840020.9
349732.88
415350.75
490820.94
431188.16
1491062.5
398114.1
464011.6
317419.34
1090784.5
418395.38
426948.8
362093.7
371615.6
482818.72
385638.97
671307.2
424808.5
637468.56
489086.9
361889.06
693438.56
573182.2
241872.4
414871.94
765105.
1420630.5
243006.03
640204.06
447225.56
469012.47
359221.7
390107.6
476419.56
430786.84
623336.44
279111.9
544064.75
338420.78
447924.56
511342.4
663200.1
913413.2
506606.12
260323.25
323596.34
504608.78
1014426.56
969343.44
550733.06
297916.8
329167.
571093.1
611394.5
583986.6
298941.25
613217.5
1187149.9
360490.28
284068.56
323118.7
584760.3
869472.25
1712735.4
446369.5
455469.84
483779.9
305335.94
538300.5
713921.8
410902.62
834839.25
455327.72
389479.34
229091.61
639750.6
443826.4
453084.34
989310.6
497525.2
389488.34
845568.1
315908.28
323464.94
309266.56
795738.9
298732.62
847036.44
576484.56
274414.16
321675.1
502283.5
743143.75
353998.62
448188.4
1243889.1
281630.3
434579.56
497403.6
310005.1
335822.44
580620.7
736227.5
300826.72
252926.14
732744.8
968433.25
498421.47
573438.94
278555.28
535982.06
524179.03
382792.1
721064.2
515244.1
652436.
438312.34
202926.92
786341.1
325909.78
350939.88
389115.94
339618.84
676447.94
814786.94
576215.44
558135.9
566729.6
344419.56
1748586.4
277098.84
216745.61
1255031.9
704323.5
297574.25
558647.6
711211.06
244262.92
610629.3
344808.56
490401.8
402204.2
905723.6
401230.66
492452.06
743971.75
706153.94
396916.28
183458.14
356426.75
285704.25
267443.06
261242.5
247881.64
294493.5
343046.25
426713.5
1824705.1
802142.8
181932.61
1162675.9
410558.44
1512618.8
1009202.4
358841.84
356464.
335432.7
788485.9
595470.9
567054.56
666429.75
358930.47
862533.8
252101.7
250659.38
205891.11
483826.56
466107.84
334091.2
672409.44
380920.72
253090.72
435919.38
953441.7
811890.5
394214.78
370654.8
365136.47
207297.3
362337.2
348319.7
501317.
194364.77
333802.5
353580.7
593234.75
241916.06
545224.5
315250.06
797397.9
760703.06
393496.38
370651.62
483725.03
506569.44
434519.44
613360.8
676658.75
427596.9
313611.94
486714.47
444649.94
634678.06
215114.47
402559.25
638082.25
341075.53
335071.72
333215.03
451370.7
274436.4
261170.69
437003.75
443728.12
420151.7
1117250.8
665009.06
538362.5
395178.72
256174.2
498351.03
552254.44
335455.6
517086.75
643416.8
521721.28
225332.86
327287.03
541655.6
1089064.8
362063.38
499900.38
729487.75
775748.44
528324.6
287540.38
1703324.2
381764.8
612045.8
386419.12
215100.22
451237.72
569196.
355647.7
419424.7
606215.6
1833154.4
369755.03
631739.9
374077.66
505861.12
766236.7
226434.12
429793.22
490073.44
781491.4
551840.3
1839136.1
378317.62
337341.22
455202.2
385947.47
1331094.6
679459.
665604.8
407329.94
412018.56
1243513.8
914071.75
569145.8
289050.9
375339.53
462370.
246992.42
445090.38
373965.38
563946.8
501805.53
518012.88
509654.38
352886.28
475125.62
1068182.8
210574.34
475668.84
528604.6
598666.6
265081.78
451535.1
337848.16
716949.5
425753.3
1158909.6
254177.31
352289.72
544069.7
344815.22
1795543.6
412934.75
865138.1
950303.1
502716.75
243434.64
1839812.4
576428.1
630814.2
413956.75
1426475.5
883595.8
345822.62
889468.5
1840020.6
1840020.9
468073.4
440636.38
306084.78
645544.75
729612.8
202965.44
335047.84
288744.38
207740.36
378312.75
737129.2
357053.38
639519.7
491490.22
638397.56
504256.94
373727.9
949883.3
419345.53
429231.8
337556.88
307531.1
362764.97
303760.2
235302.11
499626.22
372650.28
435299.16
613953.56
1402272.9
419799.2
355133.25
257471.44
470956.66
332670.1
661089.06
389143.8
314762.34
274030.56
223615.23
461758.44
568501.44
201762.92
519721.
286068.94
211999.28
533927.5
1835167.8
562895.25
657466.5
713255.9
951514.6
278765.44
329457.03
885005.5
403515.84
598787.5
983620.5
334749.62
644423.06
617599.7
315487.53
675680.06
321947.06
717871.3
200048.77
728664.2
254254.98
514151.6
551202.1
1667288.6
1840020.9
461080.
908704.94
356424.06
309577.6
1032312.3
387138.72
934501.6
320384.62
240420.42
193364.86
840204.44
287558.
364720.53
709327.4
380764.6
328375.66
319014.38
274842.9
436235.9
541447.25
595932.25
531449.06
388673.3
408872.06
597301.9
860100.06
416946.66
552585.44
402709.8
1303217.5
207694.25
506240.72
190120.47
1665942.6
780607.75
270421.6
224966.83
236551.27
330199.9
1314255.8
647586.5
710647.9
256279.78
444226.56
821152.1
1241911.9
1128601.6
445235.06
1840012.4
277735.47
370760.8
199927.86
453156.97
680461.5
1034115.4
390560.44
375005.78
416765.7
254346.77
1716773.4
452023.3
552667.56
769353.56
410433.3
244080.84
694890.7
765089.6
953176.9
472691.
370570.62
261845.28
708518.8
429624.75
442132.9
626604.8
566812.1
245888.3
346458.53
1128093.8
242148.12
726902.4
856198.56
426024.44
273382.34
500119.72
320834.03
358928.4
323448.7
593237.5
559322.56
461863.
304710.97
240308.52
182686.78
902428.8
482655.25
284275.3
249979.05
326770.25
605476.25
292246.94
191986.8
395316.97
741300.8
480000.
544339.1
364892.66
1110076.
523325.06
379909.
752759.94
1806387.
329878.84
771258.7
1219474.2
246198.05
351926.44
292587.12
530575.
792485.1
341816.62
368400.3
1567368.9
275670.28
1747438.9
815382.6
445649.97
472609.66
716830.5
875803.44
1042467.9
511258.62
484424.66
283474.5
253043.39
299895.88
346951.28
595708.7
273805.5
708101.5
285003.3
656957.1
614285.5
209009.42
299249.06
707478.06
337066.16
754507.25
480796.62
539413.7
231716.42
670383.2
243216.9
945300.7
477526.3
269134.2
611767.94
242859.19
206967.55
589246.
502846.97
350022.78
940297.8
432084.44
733791.1
275068.22
362896.84
505809.78
419039.44
1163697.6
382830.9
497014.
364767.38
343532.56
600773.94
688824.2
505863.8
1840013.6
199593.17
473484.16
196145.03
212349.34
958588.7
481381.44
384606.3
361597.56
1110845.5
453359.12
407413.
369067.28
710705.6
342279.78
883625.2
276967.4
308108.66
444415.22
468163.47
373847.38
550319.4
582782.9
313208.72
454107.2
667073.8
467956.88
492124.88
425339.44
393741.75
489268.66
376453.22
426256.84
426464.8
1839843.1
341646.34
613390.4
238181.89
533164.8
519202.9
515838.72
506970.22
385282.75
649349.6
362102.22
455672.34
394468.84
996910.75
384491.7
608436.6
312610.16
1078261.
584953.4
811884.4
223170.19
233135.36
383648.72
926274.9
207997.02
654377.8
468701.
821529.1
240038.02
945424.56
914655.5
390362.4
422113.47
447817.5
412170.
511972.06
667818.3
345094.97
299100.97
595281.75
309126.12
307251.66
373697.66
742671.44
281937.03
293116.47
324775.12
493569.44
540219.6
248525.33
651053.3
302939.28
411815.72
469475.72
1081419.5
509735.03
331879.75
280777.16
331006.28
352248.1
540151.8
550379.94
328984.94
484700.7
1439329.2
332011.75
292034.66
221759.06
418300.47
1812852.6
815943.7
202399.48
582892.5
292334.4
634438.3
764416.7
450322.66
607479.1
526619.25
494285.06
524680.4
459883.97
392626.9
535626.8
514122.12
337910.88
975235.56
518359.34
557380.44
760050.06
203835.22
657608.6
197637.03
1158731.5
634311.8
1113786.1
741949.75
703401.
472855.72
598558.5
973716.56
416203.56
264723.06
550414.75
609101.56
295391.4
568271.3
683032.6
535844.3
573108.25
292150.53
522910.97
414650.25
281468.78
878160.25
401250.75
553775.7
526193.3
562042.7
532408.06
1839852.4
273809.1
436980.4
259078.89
467497.66
756481.25
196226.16
312734.72
602246.25
352646.9
485726.75
535347.9
436964.25
268914.28
771053.2
314925.38
528786.06
453603.4
701031.4
550837.44
625384.75
780005.1
317023.47
373452.47
363638.78
898644.06
789826.5
216944.45
221463.64
367058.1
199668.4
267619.4
569720.06
406879.9
352221.4
325589.66
359260.56
182371.44
635231.25
502637.84
284480.3
316344.
346507.06
1114590.6
251627.03
436121.53
376483.2
742338.94
805534.3
328711.7
630427.25
679133.9
599135.44
423315.62
384727.88
312535.03
577264.56
616845.6
209966.3
1840018.9
367520.8
381421.75
483170.62
387685.66
1063164.1
425980.72
212062.83
284986.06
705837.3
264715.6
573244.7
908580.7
588314.1
817143.06
720190.56
833811.
388297.84
536271.8
714369.44
910220.75
197167.38
297453.78
285295.25
651686.56
573169.3
541599.
520381.03
234907.98
651308.25
589203.2
262967.9
377708.
291387.25
338824.97
398948.06
638975.4
670019.5
415209.88
307053.38
291850.4
665430.6
437593.66
275276.6
598996.1
259177.06
238897.75
393292.7
194764.75
1324582.6
486768.34
305273.03
281321.88
733789.75
397840.75
1077308.5
468951.2
317272.53
313345.75
442562.66
576678.9
688668.1
667337.8
667196.56
590173.25
1546456.8
419210.75
269412.38
542158.75
677636.75
319538.97
586672.75
710544.75
535012.9
195901.22
481512.38
424576.34
445370.
513472.16
279642.12
466204.12
381136.22
487612.9
731729.4
772630.
561430.9
842176.8
276552.22
371192.62
785901.4
547431.3
266754.3
312254.6
1425150.2
355881.78
226669.83
407468.78
566447.9
420150.2
378196.6
444890.12
551164.06
517823.16
394117.6
632724.94
716056.4
339797.9
344499.88
371967.06
643231.4
471706.97
334746.25
638945.75
566048.7
249574.86
798604.56
394531.28
227902.72
418518.47
536493.6
390594.6
273783.84
371745.88
207704.02
555105.56
472883.75
470123.38
678313.56
550333.2
367004.84
444912.72
229025.67
285525.12
319037.12
748736.5
1321907.
433885.06
675786.8
657468.5
457966.
605986.3
717852.
305150.9
226786.33
247920.64
261458.03
516775.8
203916.73
1218170.8
359057.8
301731.78
380780.25
575428.56
417452.28
345527.7
917186.06
378923.75
493452.6
258197.27
253227.42
628530.75
460992.16
416537.22
946307.44
360607.7
1201547.2
1176735.9
477115.2
372571.5
332332.56
253948.97
644101.94
277244.22
764310.
665352.6
426148.78
1840020.9
495212.53
758795.4
390457.6
1140361.5
581774.56
331319.03
374123.78
463541.62
244568.86
691575.1
399540.78
253140.77
454685.06
757022.6
518151.62
446504.25
941562.5
215784.77
296155.44
319755.75
484415.28
357825.84
817340.56
1502884.9
235465.12
624873.1
374621.28
462232.44
490175.28
761997.5
339573.2
828637.75
370442.12
650099.25
567843.7
411717.84
384299.5
326641.38
430818.66
748112.3
598219.7
833342.8
293136.
255825.69
278539.28
269878.75
586168.
453599.8
343220.62
313199.78
335181.88
422031.7
190680.7
554823.6
206346.33
751841.25
250789.62
658543.8
969885.4
267358.06
835316.9
606411.3
952720.25
400982.78
543600.7
397489.3
200382.88
559356.7
817847.2
1385488.
363959.5
1051169.6
1087995.9
438542.34
1310956.1
451172.2
747814.8
369023.06
235330.03
308256.1
1378204.9
881824.56
594182.3
560104.94
385000.06
441186.78
484066.47
805767.56
1282731.4
376309.28
400888.88
672600.
979445.06
304052.03
575348.2
621210.4
487902.
471379.22
420069.1
485240.72
386540.22
389793.66
599219.44
442786.8
510075.97
433806.44
226776.25
310838.72
227657.98
251687.77
917638.6
428432.88
509495.28
452979.78
713850.5
250960.53
271045.72
575216.06
592304.
454642.56
981851.7
694602.5
897899.94
258404.2
334647.12
476248.3
448254.6
1152411.4
368329.9
378546.12
379810.1
948580.25
386274.5
668781.5
791924.7
276357.28
439202.88
332799.1
760283.56
907783.75
680928.8
392858.75
327719.47
428530.56
559048.4
535039.8
848840.4
268452.25
188749.34
369962.1
1089231.6
725471.2
375237.12
554795.5
636692.6
292595.12
261234.02
1360340.6
704879.44
396312.3
1473728.2
238584.56
646025.44
451326.88
1415069.6
291580.5
256038.89
243779.08
193221.5
278577.12
560288.5
453946.38
656830.56
1453528.9
878612.25
255341.94
191021.34
1335799.4
337433.22
548577.9
523168.53
369998.
597052.2
392153.9
316985.34
225777.98
342493.5
694861.06
637331.6
395823.88
582519.9
479138.56
260772.38
194579.64
721332.8
1048596.9
396571.34
399993.72
641050.6
212906.75
667120.5
1840019.6
364199.9
352814.56
1228720.5
389982.5
795500.25
716306.9
263429.72
421512.47
558831.44
447815.53
350946.56
224328.52
298138.7
978856.9
548177.1
371947.88
687385.7
956812.7
339338.62
326129.84
334588.25
332821.94
207612.64
332767.44
483261.44
559607.06
320869.44
304352.6
730431.56
206146.28
341818.12
718109.8
592590.2
440138.6
449490.6
327322.56
389294.
1185060.4
543855.94
281265.22
223880.77
267578.94
458778.03
640564.8
346964.44
954005.44
395056.06
607018.56
538645.2
422679.75
388514.88
331328.75
739939.7
867290.75
602518.94
630311.8
302015.38
1182421.1
1742429.1
274291.4
271680.84
1114030.1
701030.
396654.03
404309.94
796913.25
408152.12
686318.25
289126.6
445419.7
538085.2
668083.3
332447.16
259873.89
704584.8
224501.28
427918.47
411801.06
571332.7
336766.25
474936.88
410314.03
459750.06
993752.75
575781.
713619.
507387.12
638919.6
454578.7
648717.94
420985.
508336.34
436920.2
467281.75
618464.25
1274037.5
1839960.5
850805.94
279841.38
306314.75
307316.16
317590.34
253894.03
471611.8
377303.84
469695.75
401217.9
628874.06
231624.14
580676.94
838830.8
1840004.8
289293.25
457359.4
358157.9
242888.86
311992.44
220419.06
937478.94
1046880.94
630079.1
596517.56
304618.62
255682.1
406410.8
671880.6
345175.53
401520.16
611280.6
586291.2
248871.36
661148.44
418350.03
356020.8
339021.75
350041.25
592129.7
381959.75
523943.66
351211.2
820708.06
369951.22
225434.58
335050.9
1194498.8
253994.17
395693.4
586856.25
503074.66
666860.75
766724.44
1826802.1
587451.94
352190.78
254228.1
968284.1
256287.4
487511.94
439791.
270582.16
383107.5
562686.75
347961.47
662839.3
951619.6
295984.75
213499.98
396457.56
234616.47
817901.7
267367.2
1027071.8
615026.75
230070.25
522048.28
1830807.1
488852.6
893967.5
334477.75
220779.1
190377.11
601177.25
337080.25
332512.62
217267.84
478851.75
370008.47
593105.9
452818.
517849.66
583811.75
393190.3
513241.88
783378.5
459093.22
685046.
1058320.8
401206.53
486112.9
323093.2
509781.12
758379.06
357139.25
508797.9
617554.9
410541.25
415603.03
288951.2
810953.4
212010.2
366610.
599084.9
403487.34
562475.7
406065.28
338523.9
386960.22
534071.3
242622.05
385529.22
385135.2
732261.56
321612.44
464819.97
459404.2
539128.06
1745150.4
417852.88
841529.9
588724.44
389886.12
404174.6
390978.34
660669.25
272162.38
398692.
393456.84
371868.75
905367.6
335129.84
1290476.5
879795.4
496564.72
364918.75
1499883.4
729736.2
605903.5
1201214.1
263957.
258554.73
585618.94
482675.44
1044891.3
876599.8
1821284.8
1013115.75
851708.9
851509.1
645781.8
316561.62
507817.06
398014.7
363558.72
565669.25
959537.94
661069.06
453342.12
264691.75
559716.6
191436.22
377610.97
405675.9
302766.94
317419.16
900133.06
1209533.2
1065958.9
421019.16
805122.8
402515.78
466341.28
375362.38
262929.22
362987.38
259535.42
675762.44
670046.1
349686.5
318014.06
929493.4
287444.28
381339.47
252149.05
442328.34
312168.94
654350.5
394122.66
340652.16
268643.53
379954.12
643005.1
383893.06
473103.16
199873.33
1840000.1
612616.94
505542.12
332758.84
208044.7
193082.78
394400.9
217195.4
259312.11
762830.2
269313.25
1370752.
198687.16
380412.4
564753.4
385855.9
769877.94
864339.7
191941.56
538696.56
838299.4
1087153.2
439043.1
773374.94
1728613.9
389762.28
330222.94
944842.06
820993.4
348222.
409212.56
308296.3
728109.8
681963.44
356614.94
464033.72
273422.3
651805.94
350123.56
466022.12
358483.7
653226.06
286524.03
1001540.9
337208.1
848805.25
474415.22
685495.8
277595.2
485492.94
348749.28
592948.2
269092.12
425735.1
464143.06
785264.9
489399.
416543.
844227.06
755774.2
566873.2
431426.6
196432.98
915092.6
311216.53
465802.66
619782.75
287405.34
554643.06
673033.1
726030.4
234528.84
384285.06
718040.8
389446.16
358213.94
273268.9
515981.1
426430.94
917377.9
610210.4
653144.6
504291.06
1207851.6
372480.7
847382.6
651329.25
530657.6
192043.17
341797.44
465902.75
632123.94
306746.28
508932.84
200422.94
265703.3
797721.1
500010.97
391208.84
599157.44
198880.8
365969.47
267986.84
645316.9
386239.5
374532.62
486400.47
428462.78
785380.06
498926.03
627867.6
483917.66
352558.28
1757785.9
416559.12
627082.1
830991.56
877839.6
451480.47
704626.6
647922.75
512725.12
595646.5
317165.7
313883.12
622999.75
1326007.2
577302.7
780876.5
1158731.8
792798.3
749386.06
605209.56
817352.3
373655.4
204207.33
469404.94
296116.72
419624.7
654987.44
606892.75
387173.6
251051.8
954169.06
259304.88
544565.6
926209.44
416911.7
549178.7
240634.84
814480.2
1386226.6
370169.6
967964.25
227146.03
567646.75
864475.4
1449843.9
327947.5
226328.58
422408.22
493692.5
624489.
751589.7
668755.9
457409.38
276600.
477906.47
913382.1
725360.8
379047.
386351.53
1654191.4
297892.97
437748.8
612399.7
795057.2
523301.94
1416649.1
741768.94
533423.9
663101.94
722047.94
283402.94
786794.75
444285.
341322.06
431134.
847263.4
356501.84
546459.7
316040.1
597738.
508519.9
324515.78
933453.9
1183368.1
453168.8
325280.53
718011.56
190901.11
514245.25
666685.9
353741.62
827243.6
767621.6
1147400.2
402074.94
275116.44
1212224.4
463855.3
362278.78
420329.22
1089522.5
510791.2
596764.3
467396.
343645.
746877.25
303539.6
372691.34
475346.25
324490.38
511655.16
445377.16
310726.53
949093.
251016.66
831130.1
866876.3
465546.9
377809.38
366467.6
913272.06
559867.75
861271.56
247230.64
514251.75
339629.66
383998.2
1253955.8
265713.22
910949.5
424422.88
554539.75
348596.38
216743.2
334408.78
652736.1
453433.5
455020.28
334354.12
240771.53
840764.94
259834.97
379365.88
537206.5
463722.75
1243501.8
580934.44
741927.4
385069.44
358271.6
750013.75
1027492.8
521185.25
1498258.6
749907.6
1121934.1
742535.44
368911.25
832063.56
971838.94
467739.6
754599.2
769462.94
636323.56
378593.53
552227.6
994600.7
419741.3
711103.56
564387.5
470713.53
417194.5
343568.38
284701.5
986619.9
433918.5
298353.22
279621.16
673815.06
291971.72
892997.5
584241.94
588692.94
389793.66
817236.4
263843.84
585721.94
439177.62
1373607.9
252528.34
456295.62
256652.4
315295.2
269038.25
457613.53
381860.8
561373.3
417401.25
1832514.8
493520.06
342259.97
584228.3
316193.6
794906.7
1062957.2
752425.06
1683176.1
1172025.6
336284.34
362814.12
415589.06
470517.72
508856.84
460406.8
334218.3
457876.72
326444.
1066024.6
444661.9
483425.4
1563990.6
398845.8
472789.34
1637627.1
446799.34
548683.3
383047.22
495907.34
373275.44
484457.
285561.22
274934.16
334114.
203290.31
207826.73
203031.98
1219133.5
520775.53
208932.89
421867.88
271983.8
442860.3
809945.06
375505.66
1262278.
200771.27
651823.1
321169.56
563846.2
334606.97
369454.78
336671.28
263661.62
261296.95
213386.5
366890.12
444339.28
357375.
268393.2
528021.06
1364210.1
514480.84
562103.75
347594.78
398251.84
770321.2
609858.7
418949.06
1117688.
590496.06
325280.53
257743.5
1306998.5
415095.12
335110.56
434345.
369364.8
268886.56
463990.94
216443.52
463963.88
611827.3
609732.8
561899.44
1839839.6
362405.12
690940.6
324842.62
635860.06
460117.75
343142.5
207655.8
257551.75
371943.88
1147633.9
372610.6
525631.56
621643.2
1157541.6
244903.06
253090.47
523666.03
774411.56
340606.7
248357.97
308029.72
1196111.4
290047.3
718027.06
519221.9
466623.25
312358.7
596210.8
419689.94
684171.56
427451.44
328058.84
199827.55
465257.16
292649.6
462933.53
836574.06
524708.7
1109747.1
673144.94
390466.3
661977.9
415681.06
469355.34
1839912.6
453666.94
1839117.6
286520.25
1817398.5
330990.8
488276.1
306651.8
549321.5
340716.1
823839.06
576831.2
567449.4
689231.9
399066.06
401372.44
801499.4
741772.06
625503.3
795944.3
573890.7
263260.53
621481.56
322497.56
695386.
563883.6
410512.22
698447.7
431470.97
324105.7
267390.5
493808.34
587480.3
393752.25
891798.9
405610.2
728093.9
495355.7
685211.7
412072.8
401869.1
316385.72
773897.3
261441.12
521703.1
268213.62
285026.03
950108.75
501849.94
407221.12
666924.6
195366.94
434248.03
279453.
513590.5
541185.7
390379.38
254875.4
521896.4
715312.7
437510.7
673386.56
392661.06
384885.38
1834185.5
938064.25
771761.06
728072.06
256085.9
483248.3
973886.
738300.5
624268.1
560446.8
344682.84
182576.94
722225.7
419116.5
272190.66
194028.81
621676.25
250305.2
271690.34
677576.4
629288.4
325187.25
337639.38
565373.1
430104.25
624012.2
482422.8
401302.34
204974.45
385705.2
990013.75
789980.06
708417.9
1476047.8
201091.42
737376.4
493196.8
466671.47
544120.7
385361.3
928721.6
554337.25
1061733.1
292779.7
424871.5
306040.28
729682.
341819.94
839726.06
1152288.2
902513.
359180.94
310372.16
215823.12
1335399.2
442826.88
617380.44
914673.94
992498.4
579122.
331121.78
301237.9
336440.47
448263.25
908512.75
776879.44
519126.44
200750.03
512850.6
580478.4
575531.2
503526.4
518771.28
326764.5
283681.06
689207.3
338297.72
266113.9
309022.6
250498.47
452710.2
676559.4
849047.5
543981.4
392903.47
793028.6
691000.94
199396.52
438612.97
424363.1
385519.53
697256.7
293268.62
205277.05
894029.8
376213.97
802278.3
254275.64
1840020.9
298632.97
575377.44
707797.25
204300.61
451092.28
901456.25
371134.84
553384.5
416695.22
829887.3
1840020.9
1221451.1
332602.72
663447.6
605515.
1837680.8
442895.66
830512.
617206.25
433855.47
267007.12
249144.06
379414.38
733136.44
447243.9
507006.12
271632.84
318966.34
444513.7
623058.8
255643.62
666378.25
399262.34
419347.5
349946.34
720356.5
384015.78
270639.03
442300.12
675340.06
712107.5
349208.1
321156.2
467029.75
787392.9
287408.22
508363.4
454695.44
363717.72
545567.9
592858.06
226124.81
447904.75
455869.38
524428.1
350569.6
524087.97
499922.84
1839939.8
308015.44
610381.
672813.5
220596.28
862938.9
644870.75
390338.6
336844.8
519142.88
379481.53
210068.17
275593.4
932080.
531452.8
506519.53
284053.7
1451847.4
256999.06
332813.47
395348.25
534891.56
735466.94
384194.03
715286.06
504534.44
403844.94
435165.78
708635.2
420110.6
721237.94
540828.7
280637.7
901130.3
1125190.5
334944.25
624411.06
242729.67
920204.44
352250.16
316971.84
393955.
391163.34
1840020.9
335352.25
618182.5
483913.47
502277.28
462146.28
941828.5
348660.03
850311.06
588583.75
632477.75
277860.97
1081666.
391328.47
1111730.9
278729.4
288649.66
1824227.5
299156.28
1824234.9
289541.3
658236.75
545023.4
1106986.4
538022.75
640544.44
196429.23
338241.03
765921.75
430671.06
554401.
274418.75
477111.1
693923.7
421110.3
388242.53
487023.16
424914.34
570132.56
593900.8
435941.56
581780.
237287.03
440016.5
594445.44
256934.3
190837.33
489938.47
926222.9
546560.06
930835.2
207690.14
316377.75
428411.56
263075.56
374165.94
512102.9
788855.7
326731.12
323513.34
271187.97
571446.9
340158.84
637968.7
418664.84
418687.8
350696.5
408943.6
712892.7
374964.16
391490.38
548310.8
369708.47
780365.9
396384.5
513187.03
534732.5
534593.9
254449.86
455166.88
498564.97
538667.6
901287.9
1588902.4
399387.75
427346.7
540165.
847102.8
414501.6
305471.88
513030.22
433169.16
432075.16
311102.7
594473.94
263446.2
246415.62
369088.53
417884.06
695880.25
994697.9
330673.12
423161.6
696991.25
419499.12
326143.66
570162.9
534315.
731863.94
533970.8
1075581.9
233460.23
642217.56
306099.06
328383.66
201288.45
1828931.4
334796.25
438358.4
210622.4
286919.38
491994.94
517041.
316846.34
1058119.6
356019.22
536247.25
361508.94
1462079.8
563040.2
336971.94
303182.2
480967.66
476055.56
748992.2
972113.06
208350.97
799998.1
705760.1
227487.73
787265.94
382783.47
594177.7
428061.53
242139.4
507851.47
348337.4
226446.88
902448.06
522349.7
683127.2
509431.56
538954.06
547950.06
937164.1
481418.84
544264.5
349477.34
405376.5
448455.75
366502.25
456320.66
587109.2
486584.38
235471.8
370191.1
442011.38
300421.4
466024.53
1036021.94
400003.78
417841.38
586315.9
243748.77
490092.47
510542.38
635820.94
223983.22
487783.38
663133.3
253518.55
982892.56
199307.05
686979.06
355715.66
536756.75
249142.53
421063.97
761991.25
1096188.8
316124.1
462431.56
324757.4
386028.53
1813022.4
1312880.2
472003.66
941732.75
707184.06
377027.53
1241502.1
500133.4
274112.62
205185.03
323126.22
443250.38
262239.5
977353.
415516.22
334144.56
204833.77
612291.7
747203.06
729239.6
562304.
419283.53
316957.88
411930.5
889143.
238683.25
239629.86
456631.1
457172.78
383122.62
546672.3
354321.6
264273.44
426793.78
523665.12
341211.12
863264.4
356269.53
401246.6
387859.44
591156.44
602533.56
831619.94
357220.1
395120.1
401441.47
408757.62
811869.2
155722.33
510550.4
501217.47
407207.78
376638.12
349882.8
335587.44
296478.
637968.7
741444.
373127.34
184470.8
439635.53
455497.38
420129.28
377108.88
870388.1
247611.55
489529.9
386959.62
737298.4
294893.75
251921.23
524617.4
561461.94
282382.4
442863.44
1097721.5
305348.22
507425.84
457023.84
825026.06
236045.97
411354.9
687248.44
359765.5
418641.66
211134.8
198754.72
363196.28
277599.28
478771.8
357382.53
1100679.6
298624.6
787851.4
689136.4
361306.56
765211.5
705457.9
266396.94
593824.44
637561.6
571956.9
577306.94
577912.
395213.38
267662.62
523509.25
334442.1
1001384.3
669943.9
553759.44
321673.75
293038.34
240642.53
645350.94
292188.3
1255101.8
444839.25
795827.8
594584.1
565938.9
386673.38
765313.44
1835233.2
305725.34
664493.4
549345.5
442775.16
288052.28
462769.3
461583.8
629135.8
319873.28
480621.3
242736.27
322252.03
387451.3
492663.3
464462.8
388968.28
1306021.9
666431.5
679255.7
257219.67
362714.03
445874.03
620880.2
386162.56
389686.72
404393.4
385763.66
639939.75
555702.4
221931.25
349217.94
734005.56
358152.
369922.03
463838.9
565370.5
608566.5
758466.5
770177.3
588280.1
405367.22
711358.4
431075.25
1839104.9
427346.
199111.44
377476.44
353375.03
692028.44
645245.1
846457.3
608379.06
350025.75
353281.34
422958.53
259842.97
525511.
552600.3
1140908.5
496458.62
324388.47
190585.83
567785.7
385090.53
252592.58
339420.3
200947.6
1678147.5
290088.12
352524.94
623264.06
423395.5
404238.66
772884.2
967892.1
339339.53
394184.28
258322.95
731762.44
277050.6
639631.7
757613.94
398081.7
198506.3
316255.28
324777.66
522087.
1793044.1
555695.06
380673.6
318555.94
341418.16
661146.6
339880.4
686364.1
507642.44
317687.22
1010784.2
209299.86
342444.12
983943.2
429430.72
431907.47
392308.6
249572.72
234458.83
260605.02
254231.95
203318.08
324885.75
313378.22
971312.1
686161.25
498790.3
395827.53
604044.56
764811.94
268513.7
447597.53
485979.38
1064462.2
398397.03
492799.38
823511.75
257912.67
496209.06
384327.84
911447.
342851.62
1321193.6
508708.7
654226.56
410875.25
1389108.4
277706.3
955282.8
434244.53
429509.53
530926.1
866716.7
303348.78
497176.66
201156.36
424808.56
1840016.2
340624.9
287271.78
419518.28
247951.31
743832.8
409794.7
230669.69
334718.88
351129.75
263326.34
369997.8
350953.44
220576.
356250.84
695474.25
767155.8
530147.56
344699.44
658041.75
547949.56
572094.3
366671.9
278862.06
593850.75
725355.4
545352.5
264852.53
563293.7
389849.03
618440.1
393203.3
479772.28
278305.9
717534.5
708030.44
553477.9
363170.72
541021.56
426988.22
715922.3
966565.3
872843.75
524623.75
425730.94
406867.28
1255135.8
535158.5
286033.53
675959.3
1200181.2
378967.
447795.44
510546.28
602818.56
275808.8
198091.72
418606.8
848676.25
675383.94
410323.1
622323.9
234075.92
200731.89
205097.3
309922.06
262450.84
757750.2
490437.6
563982.4
680935.25
683027.1
823673.25
651078.75
891424.5
332869.62
379529.7
469633.5
1006381.2
420318.97
410172.28
604318.2
270333.5
499168.4
731840.6
387132.12
307563.28
493776.
1005843.06
197467.95
505720.5
347160.9
303913.44
382328.8
552944.1
436435.44
465984.56
681969.25
478465.1
709321.2
376934.16
975988.3
518949.66
357152.03
485164.03
579502.3
444454.56
479928.66
838297.06
278241.62
503779.44
1838931.5
543280.3
639095.7
572011.5
351868.
499643.53
519742.5
765943.56
411861.03
916764.25
550284.1
216549.47
328736.3
411854.25
371969.47
426161.66
255761.75
623763.44
454920.28
206870.34
411250.4
464816.1
572663.
368627.5
313946.94
416812.16
217296.61
